SUMMARY
-------
analyzer: mcmc
maxlike: 706.2350
gr_diagnostic: [0.0002354  0.00164467 0.00016773 0.00249513]
Om: 0.2883 +/- 0.0108
Obh2: 0.0221 +/- 0.0003
h: 0.7051 +/- 0.0101
zt: 1.8574 +/- 0.1338

Elapsed time: 106.472 minutes = 6388.309 seconds 
